C   0.0  0.0  0.00
C   0.9400977053116629  0.09639218104560561  0.00
C   -0.978351  0.0  0.00
C   0.0  0.978351  0.00
C   0.0  -0.978351  0.00
C   0.978351  0.978351  0.00
C   0.978351  -0.978351  0.00
C   -0.978351  0.978351  0.00
C   -0.978351  -0.978351  0.00
C   1.956702  0.0  0.00
C   -1.956702  0.0  0.00
C   0.0  1.956702  0.00
C   0.0  -1.956702  0.00
C   0.978351  1.956702  0.00
C   0.978351  -1.956702  0.00
C   -0.978351  1.956702  0.00
C   -0.978351  -1.956702  0.00
C   1.956702  0.978351  0.00
C   1.956702  -0.978351  0.00
C   -1.956702  0.978351  0.00
C   -1.956702  -0.978351  0.00
C   1.956702  1.956702  0.00
C   1.956702  -1.956702  0.00
C   -1.956702  1.956702  0.00
C   -1.956702  -1.956702  0.00

C   0.0  0.0  0.00
C   0.9400977053116629  0.09639218104560561  0.00
C   -0.978351  0.0  0.00
C   0.0  0.978351  0.00
C   -0.09039396180917095  -0.9786639659036114  0.00
C   0.978351  0.978351  0.00
C   0.978351  -0.978351  0.00
C   -0.978351  0.978351  0.00
C   -0.978351  -0.978351  0.00
C   1.956702  0.0  0.00
C   -1.956702  0.0  0.00
C   0.0  1.956702  0.00
C   0.0  -1.956702  0.00
C   0.978351  1.956702  0.00
C   0.978351  -1.956702  0.00
C   -0.978351  1.956702  0.00
C   -0.978351  -1.956702  0.00
C   1.956702  0.978351  0.00
C   1.956702  -0.978351  0.00
C   -1.956702  0.978351  0.00
C   -1.956702  -0.978351  0.00
C   1.956702  1.956702  0.00
C   1.956702  -1.956702  0.00
C   -1.956702  1.956702  0.00
C   -1.956702  -1.956702  0.00

C   0.0  0.0  0.00
C   0.9400977053116629  0.09639218104560561  0.00
C   -0.978351  0.0  0.00
C   0.0  0.978351  0.00
C   -0.09039396180917095  -0.9786639659036114  0.00
C   0.8942170386369441  1.0562068087467849  0.00
C   0.978351  -0.978351  0.00
C   -0.978351  0.978351  0.00
C   -0.978351  -0.978351  0.00
C   1.956702  0.0  0.00
C   -1.956702  0.0  0.00
C   0.0  1.956702  0.00
C   0.0  -1.956702  0.00
C   0.978351  1.956702  0.00
C   0.978351  -1.956702  0.00
C   -0.978351  1.956702  0.00
C   -0.978351  -1.956702  0.00
C   1.956702  0.978351  0.00
C   1.956702  -0.978351  0.00
C   -1.956702  0.978351  0.00
C   -1.956702  -0.978351  0.00
C   1.956702  1.956702  0.00
C   1.956702  -1.956702  0.00
C   -1.956702  1.956702  0.00
C   -1.956702  -1.956702  0.00

C   0.0  0.0  0.00
C   0.9400977053116629  0.09639218104560561  0.00
C   -0.978351  0.0  0.00
C   0.0  0.978351  0.00
C   -0.09039396180917095  -0.9786639659036114  0.00
C   0.8942170386369441  1.0562068087467849  0.00
C   1.0056186534973064  -0.931475369091079  0.00
C   -0.978351  0.978351  0.00
C   -0.978351  -0.978351  0.00
C   1.956702  0.0  0.00
C   -1.956702  0.0  0.00
C   0.0  1.956702  0.00
C   0.0  -1.956702  0.00
C   0.978351  1.956702  0.00
C   0.978351  -1.956702  0.00
C   -0.978351  1.956702  0.00
C   -0.978351  -1.956702  0.00
C   1.956702  0.978351  0.00
C   1.956702  -0.978351  0.00
C   -1.956702  0.978351  0.00
C   -1.956702  -0.978351  0.00
C   1.956702  1.956702  0.00
C   1.956702  -1.956702  0.00
C   -1.956702  1.956702  0.00
C   -1.956702  -1.956702  0.00

C   0.0  0.0  0.00
C   0.9400977053116629  0.09639218104560561  0.00
C   -0.978351  0.0  0.00
C   0.0  0.978351  0.00
C   -0.09039396180917095  -0.9786639659036114  0.00
C   0.8942170386369441  1.0562068087467849  0.00
C   1.0056186534973064  -0.931475369091079  0.00
C   -0.9266698680170854  0.9151672494075661  0.00
C   -0.978351  -0.978351  0.00
C   1.956702  0.0  0.00
C   -1.956702  0.0  0.00
C   0.0  1.956702  0.00
C   0.0  -1.956702  0.00
C   0.978351  1.956702  0.00
C   0.978351  -1.956702  0.00
C   -0.978351  1.956702  0.00
C   -0.978351  -1.956702  0.00
C   1.956702  0.978351  0.00
C   1.956702  -0.978351  0.00
C   -1.956702  0.978351  0.00
C   -1.956702  -0.978351  0.00
C   1.956702  1.956702  0.00
C   1.956702  -1.956702  0.00
C   -1.956702  1.956702  0.00
C   -1.956702  -1.956702  0.00

C   0.0  0.0  0.00
C   0.9400977053116629  0.09639218104560561  0.00
C   -0.978351  0.0  0.00
C   0.0  0.978351  0.00
C   -0.09039396180917095  -0.9786639659036114  0.00
C   0.8942170386369441  1.0562068087467849  0.00
C   1.0056186534973064  -0.931475369091079  0.00
C   -0.9266698680170854  0.9151672494075661  0.00
C   -0.8917667965821451  -1.0185130664400102  0.00
C   1.956702  0.0  0.00
C   -1.956702  0.0  0.00
C   0.0  1.956702  0.00
C   0.0  -1.956702  0.00
C   0.978351  1.956702  0.00
C   0.978351  -1.956702  0.00
C   -0.978351  1.956702  0.00
C   -0.978351  -1.956702  0.00
C   1.956702  0.978351  0.00
C   1.956702  -0.978351  0.00
C   -1.956702  0.978351  0.00
C   -1.956702  -0.978351  0.00
C   1.956702  1.956702  0.00
C   1.956702  -1.956702  0.00
C   -1.956702  1.956702  0.00
C   -1.956702  -1.956702  0.00

C   0.0  0.0  0.00
C   0.9400977053116629  0.09639218104560561  0.00
C   -0.978351  0.0  0.00
C   0.0  0.978351  0.00
C   -0.09039396180917095  -0.9786639659036114  0.00
C   0.8942170386369441  1.0562068087467849  0.00
C   1.0056186534973064  -0.931475369091079  0.00
C   -0.9266698680170854  0.9151672494075661  0.00
C   -0.8917667965821451  -1.0185130664400102  0.00
C   1.8721985388561122  -0.09650498669849256  0.00
C   1.8721985388561122  -0.09650498669849256  0.00
C   0.0  1.956702  0.00
C   0.0  -1.956702  0.00
C   0.978351  1.956702  0.00
C   0.978351  -1.956702  0.00
C   -0.978351  1.956702  0.00
C   -0.978351  -1.956702  0.00
C   1.956702  0.978351  0.00
C   1.956702  -0.978351  0.00
C   -1.956702  0.978351  0.00
C   -1.956702  -0.978351  0.00
C   1.956702  1.956702  0.00
C   1.956702  -1.956702  0.00
C   -1.956702  1.956702  0.00
C   -1.956702  -1.956702  0.00

C   0.0  0.0  0.00
C   0.9400977053116629  0.09639218104560561  0.00
C   -0.978351  0.0  0.00
C   0.0  0.978351  0.00
C   -0.09039396180917095  -0.9786639659036114  0.00
C   0.8942170386369441  1.0562068087467849  0.00
C   1.0056186534973064  -0.931475369091079  0.00
C   -0.9266698680170854  0.9151672494075661  0.00
C   -0.8917667965821451  -1.0185130664400102  0.00
C   1.8721985388561122  -0.09650498669849256  0.00
C   1.8721985388561122  -0.09650498669849256  0.00
C   0.0  1.956702  0.00
C   0.0  -1.956702  0.00
C   0.978351  1.956702  0.00
C   0.978351  -1.956702  0.00
C   -0.978351  1.956702  0.00
C   -0.978351  -1.956702  0.00
C   1.956702  0.978351  0.00
C   1.956702  -0.978351  0.00
C   -1.956702  0.978351  0.00
C   -1.956702  -0.978351  0.00
C   1.956702  1.956702  0.00
C   1.956702  -1.956702  0.00
C   -1.956702  1.956702  0.00
C   -1.956702  -1.956702  0.00

C   0.0  0.0  0.00
C   0.9400977053116629  0.09639218104560561  0.00
C   -0.978351  0.0  0.00
C   0.0  0.978351  0.00
C   -0.09039396180917095  -0.9786639659036114  0.00
C   0.8942170386369441  1.0562068087467849  0.00
C   1.0056186534973064  -0.931475369091079  0.00
C   -0.9266698680170854  0.9151672494075661  0.00
C   -0.8917667965821451  -1.0185130664400102  0.00
C   1.8721985388561122  -0.09650498669849256  0.00
C   1.8721985388561122  -0.09650498669849256  0.00
C   0.02390247473749614  1.9358978164349292  0.00
C   0.02390247473749614  1.9358978164349292  0.00
C   0.978351  1.956702  0.00
C   0.978351  -1.956702  0.00
C   -0.978351  1.956702  0.00
C   -0.978351  -1.956702  0.00
C   1.956702  0.978351  0.00
C   1.956702  -0.978351  0.00
C   -1.956702  0.978351  0.00
C   -1.956702  -0.978351  0.00
C   1.956702  1.956702  0.00
C   1.956702  -1.956702  0.00
C   -1.956702  1.956702  0.00
C   -1.956702  -1.956702  0.00

C   0.0  0.0  0.00
C   0.9400977053116629  0.09639218104560561  0.00
C   -0.978351  0.0  0.00
C   0.0  0.978351  0.00
C   -0.09039396180917095  -0.9786639659036114  0.00
C   0.8942170386369441  1.0562068087467849  0.00
C   1.0056186534973064  -0.931475369091079  0.00
C   -0.9266698680170854  0.9151672494075661  0.00
C   -0.8917667965821451  -1.0185130664400102  0.00
C   1.8721985388561122  -0.09650498669849256  0.00
C   1.8721985388561122  -0.09650498669849256  0.00
C   0.02390247473749614  1.9358978164349292  0.00
C   0.02390247473749614  1.9358978164349292  0.00
C   0.978351  1.956702  0.00
C   0.978351  -1.956702  0.00
C   -0.978351  1.956702  0.00
C   -0.978351  -1.956702  0.00
C   1.956702  0.978351  0.00
C   1.956702  -0.978351  0.00
C   -1.956702  0.978351  0.00
C   -1.956702  -0.978351  0.00
C   1.956702  1.956702  0.00
C   1.956702  -1.956702  0.00
C   -1.956702  1.956702  0.00
C   -1.956702  -1.956702  0.00

C   0.0  0.0  0.00
C   0.9400977053116629  0.09639218104560561  0.00
C   -0.978351  0.0  0.00
C   0.0  0.978351  0.00
C   -0.09039396180917095  -0.9786639659036114  0.00
C   0.8942170386369441  1.0562068087467849  0.00
C   1.0056186534973064  -0.931475369091079  0.00
C   -0.9266698680170854  0.9151672494075661  0.00
C   -0.8917667965821451  -1.0185130664400102  0.00
C   1.8721985388561122  -0.09650498669849256  0.00
C   1.8721985388561122  -0.09650498669849256  0.00
C   0.02390247473749614  1.9358978164349292  0.00
C   0.02390247473749614  1.9358978164349292  0.00
C   0.892997016199074  2.005098725225163  0.00
C   0.978351  -1.956702  0.00
C   -0.978351  1.956702  0.00
C   0.892997016199074  2.005098725225163  0.00
C   1.956702  0.978351  0.00
C   1.956702  -0.978351  0.00
C   -1.956702  0.978351  0.00
C   -1.956702  -0.978351  0.00
C   1.956702  1.956702  0.00
C   1.956702  -1.956702  0.00
C   -1.956702  1.956702  0.00
C   -1.956702  -1.956702  0.00

C   0.0  0.0  0.00
C   0.9400977053116629  0.09639218104560561  0.00
C   -0.978351  0.0  0.00
C   0.0  0.978351  0.00
C   -0.09039396180917095  -0.9786639659036114  0.00
C   0.8942170386369441  1.0562068087467849  0.00
C   1.0056186534973064  -0.931475369091079  0.00
C   -0.9266698680170854  0.9151672494075661  0.00
C   -0.8917667965821451  -1.0185130664400102  0.00
C   1.8721985388561122  -0.09650498669849256  0.00
C   1.8721985388561122  -0.09650498669849256  0.00
C   0.02390247473749614  1.9358978164349292  0.00
C   0.02390247473749614  1.9358978164349292  0.00
C   0.892997016199074  2.005098725225163  0.00
C   1.0215058026862274  -1.9521590744915427  0.00
C   1.0215058026862274  -1.9521590744915427  0.00
C   0.892997016199074  2.005098725225163  0.00
C   1.956702  0.978351  0.00
C   1.956702  -0.978351  0.00
C   -1.956702  0.978351  0.00
C   -1.956702  -0.978351  0.00
C   1.956702  1.956702  0.00
C   1.956702  -1.956702  0.00
C   -1.956702  1.956702  0.00
C   -1.956702  -1.956702  0.00

C   0.0  0.0  0.00
C   0.9400977053116629  0.09639218104560561  0.00
C   -0.978351  0.0  0.00
C   0.0  0.978351  0.00
C   -0.09039396180917095  -0.9786639659036114  0.00
C   0.8942170386369441  1.0562068087467849  0.00
C   1.0056186534973064  -0.931475369091079  0.00
C   -0.9266698680170854  0.9151672494075661  0.00
C   -0.8917667965821451  -1.0185130664400102  0.00
C   1.8721985388561122  -0.09650498669849256  0.00
C   1.8721985388561122  -0.09650498669849256  0.00
C   0.02390247473749614  1.9358978164349292  0.00
C   0.02390247473749614  1.9358978164349292  0.00
C   0.892997016199074  2.005098725225163  0.00
C   1.0215058026862274  -1.9521590744915427  0.00
C   1.0215058026862274  -1.9521590744915427  0.00
C   0.892997016199074  2.005098725225163  0.00
C   1.956702  0.978351  0.00
C   1.956702  -0.978351  0.00
C   -1.956702  0.978351  0.00
C   -1.956702  -0.978351  0.00
C   1.956702  1.956702  0.00
C   1.956702  -1.956702  0.00
C   -1.956702  1.956702  0.00
C   -1.956702  -1.956702  0.00

C   0.0  0.0  0.00
C   0.9400977053116629  0.09639218104560561  0.00
C   -0.978351  0.0  0.00
C   0.0  0.978351  0.00
C   -0.09039396180917095  -0.9786639659036114  0.00
C   0.8942170386369441  1.0562068087467849  0.00
C   1.0056186534973064  -0.931475369091079  0.00
C   -0.9266698680170854  0.9151672494075661  0.00
C   -0.8917667965821451  -1.0185130664400102  0.00
C   1.8721985388561122  -0.09650498669849256  0.00
C   1.8721985388561122  -0.09650498669849256  0.00
C   0.02390247473749614  1.9358978164349292  0.00
C   0.02390247473749614  1.9358978164349292  0.00
C   0.892997016199074  2.005098725225163  0.00
C   1.0215058026862274  -1.9521590744915427  0.00
C   1.0215058026862274  -1.9521590744915427  0.00
C   0.892997016199074  2.005098725225163  0.00
C   1.956702  0.978351  0.00
C   1.956702  -0.978351  0.00
C   -1.956702  0.978351  0.00
C   -1.956702  -0.978351  0.00
C   1.956702  1.956702  0.00
C   1.956702  -1.956702  0.00
C   -1.956702  1.956702  0.00
C   -1.956702  -1.956702  0.00

C   0.0  0.0  0.00
C   0.9400977053116629  0.09639218104560561  0.00
C   -0.978351  0.0  0.00
C   0.0  0.978351  0.00
C   -0.09039396180917095  -0.9786639659036114  0.00
C   0.8942170386369441  1.0562068087467849  0.00
C   1.0056186534973064  -0.931475369091079  0.00
C   -0.9266698680170854  0.9151672494075661  0.00
C   -0.8917667965821451  -1.0185130664400102  0.00
C   1.8721985388561122  -0.09650498669849256  0.00
C   1.8721985388561122  -0.09650498669849256  0.00
C   0.02390247473749614  1.9358978164349292  0.00
C   0.02390247473749614  1.9358978164349292  0.00
C   0.892997016199074  2.005098725225163  0.00
C   1.0215058026862274  -1.9521590744915427  0.00
C   1.0215058026862274  -1.9521590744915427  0.00
C   0.892997016199074  2.005098725225163  0.00
C   2.0541260286540837  0.8818276307870241  0.00
C   1.956702  -0.978351  0.00
C   -1.956702  0.978351  0.00
C   2.0541260286540837  0.8818276307870241  0.00
C   1.956702  1.956702  0.00
C   1.956702  -1.956702  0.00
C   -1.956702  1.956702  0.00
C   -1.956702  -1.956702  0.00

C   0.0  0.0  0.00
C   0.9400977053116629  0.09639218104560561  0.00
C   -0.978351  0.0  0.00
C   0.0  0.978351  0.00
C   -0.09039396180917095  -0.9786639659036114  0.00
C   0.8942170386369441  1.0562068087467849  0.00
C   1.0056186534973064  -0.931475369091079  0.00
C   -0.9266698680170854  0.9151672494075661  0.00
C   -0.8917667965821451  -1.0185130664400102  0.00
C   1.8721985388561122  -0.09650498669849256  0.00
C   1.8721985388561122  -0.09650498669849256  0.00
C   0.02390247473749614  1.9358978164349292  0.00
C   0.02390247473749614  1.9358978164349292  0.00
C   0.892997016199074  2.005098725225163  0.00
C   1.0215058026862274  -1.9521590744915427  0.00
C   1.0215058026862274  -1.9521590744915427  0.00
C   0.892997016199074  2.005098725225163  0.00
C   2.0541260286540837  0.8818276307870241  0.00
C   1.999055580832962  -0.990396671991977  0.00
C   1.999055580832962  -0.990396671991977  0.00
C   2.0541260286540837  0.8818276307870241  0.00
C   1.956702  1.956702  0.00
C   1.956702  -1.956702  0.00
C   -1.956702  1.956702  0.00
C   -1.956702  -1.956702  0.00

C   0.0  0.0  0.00
C   0.9400977053116629  0.09639218104560561  0.00
C   -0.978351  0.0  0.00
C   0.0  0.978351  0.00
C   -0.09039396180917095  -0.9786639659036114  0.00
C   0.8942170386369441  1.0562068087467849  0.00
C   1.0056186534973064  -0.931475369091079  0.00
C   -0.9266698680170854  0.9151672494075661  0.00
C   -0.8917667965821451  -1.0185130664400102  0.00
C   1.8721985388561122  -0.09650498669849256  0.00
C   1.8721985388561122  -0.09650498669849256  0.00
C   0.02390247473749614  1.9358978164349292  0.00
C   0.02390247473749614  1.9358978164349292  0.00
C   0.892997016199074  2.005098725225163  0.00
C   1.0215058026862274  -1.9521590744915427  0.00
C   1.0215058026862274  -1.9521590744915427  0.00
C   0.892997016199074  2.005098725225163  0.00
C   2.0541260286540837  0.8818276307870241  0.00
C   1.999055580832962  -0.990396671991977  0.00
C   1.999055580832962  -0.990396671991977  0.00
C   2.0541260286540837  0.8818276307870241  0.00
C   1.956702  1.956702  0.00
C   1.956702  -1.956702  0.00
C   -1.956702  1.956702  0.00
C   -1.956702  -1.956702  0.00

C   0.0  0.0  0.00
C   0.9400977053116629  0.09639218104560561  0.00
C   -1.019944514333108  0.007173197427851163  0.00
C   0.0  0.978351  0.00
C   -0.09039396180917095  -0.9786639659036114  0.00
C   0.978351  0.978351  0.00
C   0.978351  -0.978351  0.00
C   -0.978351  0.978351  0.00
C   -0.978351  -0.978351  0.00
C   1.956702  0.0  0.00
C   -1.956702  0.0  0.00
C   0.0  1.956702  0.00
C   0.0  -1.956702  0.00
C   0.978351  1.956702  0.00
C   0.978351  -1.956702  0.00
C   -0.978351  1.956702  0.00
C   -0.978351  -1.956702  0.00
C   1.956702  0.978351  0.00
C   1.956702  -0.978351  0.00
C   -1.956702  0.978351  0.00
C   -1.956702  -0.978351  0.00
C   1.956702  1.956702  0.00
C   1.956702  -1.956702  0.00
C   -1.956702  1.956702  0.00
C   -1.956702  -1.956702  0.00

C   0.0  0.0  0.00
C   0.9400977053116629  0.09639218104560561  0.00
C   -1.019944514333108  0.007173197427851163  0.00
C   0.0  0.978351  0.00
C   -0.09039396180917095  -0.9786639659036114  0.00
C   0.9437363756854517  1.0145443944066677  0.00
C   0.978351  -0.978351  0.00
C   -0.978351  0.978351  0.00
C   -0.978351  -0.978351  0.00
C   1.956702  0.0  0.00
C   -1.956702  0.0  0.00
C   0.0  1.956702  0.00
C   0.0  -1.956702  0.00
C   0.978351  1.956702  0.00
C   0.978351  -1.956702  0.00
C   -0.978351  1.956702  0.00
C   -0.978351  -1.956702  0.00
C   1.956702  0.978351  0.00
C   1.956702  -0.978351  0.00
C   -1.956702  0.978351  0.00
C   -1.956702  -0.978351  0.00
C   1.956702  1.956702  0.00
C   1.956702  -1.956702  0.00
C   -1.956702  1.956702  0.00
C   -1.956702  -1.956702  0.00

C   0.0  0.0  0.00
C   0.9400977053116629  0.09639218104560561  0.00
C   -1.019944514333108  0.007173197427851163  0.00
C   0.0  0.978351  0.00
C   -0.09039396180917095  -0.9786639659036114  0.00
C   0.9437363756854517  1.0145443944066677  0.00
C   0.978351  -0.978351  0.00
C   -0.978351  0.978351  0.00
C   -1.002685309963062  -0.9970812391331041  0.00
C   1.956702  0.0  0.00
C   -1.956702  0.0  0.00
C   0.0  1.956702  0.00
C   0.0  -1.956702  0.00
C   0.978351  1.956702  0.00
C   0.978351  -1.956702  0.00
C   -0.978351  1.956702  0.00
C   -0.978351  -1.956702  0.00
C   1.956702  0.978351  0.00
C   1.956702  -0.978351  0.00
C   -1.956702  0.978351  0.00
C   -1.956702  -0.978351  0.00
C   1.956702  1.956702  0.00
C   1.956702  -1.956702  0.00
C   -1.956702  1.956702  0.00
C   -1.956702  -1.956702  0.00

C   0.0  0.0  0.00
C   0.9400977053116629  0.09639218104560561  0.00
C   -1.019944514333108  0.007173197427851163  0.00
C   0.0  0.978351  0.00
C   -0.09039396180917095  -0.9786639659036114  0.00
C   0.9437363756854517  1.0145443944066677  0.00
C   0.978351  -0.978351  0.00
C   -0.978351  0.978351  0.00
C   -1.002685309963062  -0.9970812391331041  0.00
C   1.8886739666570007  -0.08372879605344855  0.00
C   1.8886739666570007  -0.08372879605344855  0.00
C   0.0  1.956702  0.00
C   0.0  -1.956702  0.00
C   0.978351  1.956702  0.00
C   0.978351  -1.956702  0.00
C   -0.978351  1.956702  0.00
C   -0.978351  -1.956702  0.00
C   1.956702  0.978351  0.00
C   1.956702  -0.978351  0.00
C   -1.956702  0.978351  0.00
C   -1.956702  -0.978351  0.00
C   1.956702  1.956702  0.00
C   1.956702  -1.956702  0.00
C   -1.956702  1.956702  0.00
C   -1.956702  -1.956702  0.00

C   0.0  0.0  0.00
C   0.9400977053116629  0.09639218104560561  0.00
C   -1.019944514333108  0.007173197427851163  0.00
C   0.0  0.978351  0.00
C   -0.09039396180917095  -0.9786639659036114  0.00
C   0.9437363756854517  1.0145443944066677  0.00
C   0.978351  -0.978351  0.00
C   -0.978351  0.978351  0.00
C   -1.002685309963062  -0.9970812391331041  0.00
C   1.8886739666570007  -0.08372879605344855  0.00
C   1.8886739666570007  -0.08372879605344855  0.00
C   0.0  1.956702  0.00
C   0.0  -1.956702  0.00
C   0.978351  1.956702  0.00
C   0.978351  -1.956702  0.00
C   -0.978351  1.956702  0.00
C   -0.978351  -1.956702  0.00
C   1.956702  0.978351  0.00
C   1.956702  -0.978351  0.00
C   -1.956702  0.978351  0.00
C   -1.956702  -0.978351  0.00
C   1.956702  1.956702  0.00
C   1.956702  -1.956702  0.00
C   -1.956702  1.956702  0.00
C   -1.956702  -1.956702  0.00

C   0.0  0.0  0.00
C   0.9400977053116629  0.09639218104560561  0.00
C   -1.019944514333108  0.007173197427851163  0.00
C   0.0  0.978351  0.00
C   -0.09039396180917095  -0.9786639659036114  0.00
C   0.9437363756854517  1.0145443944066677  0.00
C   0.978351  -0.978351  0.00
C   -0.978351  0.978351  0.00
C   -1.002685309963062  -0.9970812391331041  0.00
C   1.8886739666570007  -0.08372879605344855  0.00
C   1.8886739666570007  -0.08372879605344855  0.00
C   0.012106528839902842  1.9113866087276918  0.00
C   0.012106528839902842  1.9113866087276918  0.00
C   0.978351  1.956702  0.00
C   0.978351  -1.956702  0.00
C   -0.978351  1.956702  0.00
C   -0.978351  -1.956702  0.00
C   1.956702  0.978351  0.00
C   1.956702  -0.978351  0.00
C   -1.956702  0.978351  0.00
C   -1.956702  -0.978351  0.00
C   1.956702  1.956702  0.00
C   1.956702  -1.956702  0.00
C   -1.956702  1.956702  0.00
C   -1.956702  -1.956702  0.00

C   0.0  0.0  0.00
C   0.9400977053116629  0.09639218104560561  0.00
C   -1.019944514333108  0.007173197427851163  0.00
C   0.0  0.978351  0.00
C   -0.09039396180917095  -0.9786639659036114  0.00
C   0.9437363756854517  1.0145443944066677  0.00
C   0.978351  -0.978351  0.00
C   -0.978351  0.978351  0.00
C   -1.002685309963062  -0.9970812391331041  0.00
C   1.8886739666570007  -0.08372879605344855  0.00
C   1.8886739666570007  -0.08372879605344855  0.00
C   0.012106528839902842  1.9113866087276918  0.00
C   0.012106528839902842  1.9113866087276918  0.00
C   0.978351  1.956702  0.00
C   0.978351  -1.956702  0.00
C   -0.978351  1.956702  0.00
C   -0.978351  -1.956702  0.00
C   1.956702  0.978351  0.00
C   1.956702  -0.978351  0.00
C   -1.956702  0.978351  0.00
C   -1.956702  -0.978351  0.00
C   1.956702  1.956702  0.00
C   1.956702  -1.956702  0.00
C   -1.956702  1.956702  0.00
C   -1.956702  -1.956702  0.00

C   0.0  0.0  0.00
C   0.9400977053116629  0.09639218104560561  0.00
C   -1.019944514333108  0.007173197427851163  0.00
C   0.0  0.978351  0.00
C   -0.09039396180917095  -0.9786639659036114  0.00
C   0.9437363756854517  1.0145443944066677  0.00
C   0.978351  -0.978351  0.00
C   -0.978351  0.978351  0.00
C   -1.002685309963062  -0.9970812391331041  0.00
C   1.8886739666570007  -0.08372879605344855  0.00
C   1.8886739666570007  -0.08372879605344855  0.00
C   0.012106528839902842  1.9113866087276918  0.00
C   0.012106528839902842  1.9113866087276918  0.00
C   0.8928049006925248  2.0462148115545116  0.00
C   0.978351  -1.956702  0.00
C   -0.978351  1.956702  0.00
C   0.8928049006925248  2.0462148115545116  0.00
C   1.956702  0.978351  0.00
C   1.956702  -0.978351  0.00
C   -1.956702  0.978351  0.00
C   -1.956702  -0.978351  0.00
C   1.956702  1.956702  0.00
C   1.956702  -1.956702  0.00
C   -1.956702  1.956702  0.00
C   -1.956702  -1.956702  0.00

C   0.0  0.0  0.00
C   0.9400977053116629  0.09639218104560561  0.00
C   -1.019944514333108  0.007173197427851163  0.00
C   0.0  0.978351  0.00
C   -0.09039396180917095  -0.9786639659036114  0.00
C   0.9437363756854517  1.0145443944066677  0.00
C   0.978351  -0.978351  0.00
C   -0.978351  0.978351  0.00
C   -1.002685309963062  -0.9970812391331041  0.00
C   1.8886739666570007  -0.08372879605344855  0.00
C   1.8886739666570007  -0.08372879605344855  0.00
C   0.012106528839902842  1.9113866087276918  0.00
C   0.012106528839902842  1.9113866087276918  0.00
C   0.8928049006925248  2.0462148115545116  0.00
C   0.9253178235155842  -1.914429267351701  0.00
C   0.9253178235155842  -1.914429267351701  0.00
C   0.8928049006925248  2.0462148115545116  0.00
C   1.956702  0.978351  0.00
C   1.956702  -0.978351  0.00
C   -1.956702  0.978351  0.00
C   -1.956702  -0.978351  0.00
C   1.956702  1.956702  0.00
C   1.956702  -1.956702  0.00
C   -1.956702  1.956702  0.00
C   -1.956702  -1.956702  0.00

C   0.0  0.0  0.00
C   0.9400977053116629  0.09639218104560561  0.00
C   -1.019944514333108  0.007173197427851163  0.00
C   0.0  0.978351  0.00
C   -0.09039396180917095  -0.9786639659036114  0.00
C   0.9437363756854517  1.0145443944066677  0.00
C   0.978351  -0.978351  0.00
C   -0.978351  0.978351  0.00
C   -1.002685309963062  -0.9970812391331041  0.00
C   1.8886739666570007  -0.08372879605344855  0.00
C   1.8886739666570007  -0.08372879605344855  0.00
C   0.012106528839902842  1.9113866087276918  0.00
C   0.012106528839902842  1.9113866087276918  0.00
C   0.8928049006925248  2.0462148115545116  0.00
C   0.9253178235155842  -1.914429267351701  0.00
C   0.9253178235155842  -1.914429267351701  0.00
C   0.8928049006925248  2.0462148115545116  0.00
C   1.956702  0.978351  0.00
C   1.956702  -0.978351  0.00
C   -1.956702  0.978351  0.00
C   -1.956702  -0.978351  0.00
C   1.956702  1.956702  0.00
C   1.956702  -1.956702  0.00
C   -1.956702  1.956702  0.00
C   -1.956702  -1.956702  0.00

C   0.0  0.0  0.00
C   0.9400977053116629  0.09639218104560561  0.00
C   -1.019944514333108  0.007173197427851163  0.00
C   0.0  0.978351  0.00
C   -0.09039396180917095  -0.9786639659036114  0.00
C   0.9437363756854517  1.0145443944066677  0.00
C   0.978351  -0.978351  0.00
C   -0.978351  0.978351  0.00
C   -1.002685309963062  -0.9970812391331041  0.00
C   1.8886739666570007  -0.08372879605344855  0.00
C   1.8886739666570007  -0.08372879605344855  0.00
C   0.012106528839902842  1.9113866087276918  0.00
C   0.012106528839902842  1.9113866087276918  0.00
C   0.8928049006925248  2.0462148115545116  0.00
C   0.9253178235155842  -1.914429267351701  0.00
C   0.9253178235155842  -1.914429267351701  0.00
C   0.8928049006925248  2.0462148115545116  0.00
C   1.956702  0.978351  0.00
C   1.956702  -0.978351  0.00
C   -1.956702  0.978351  0.00
C   -1.956702  -0.978351  0.00
C   1.956702  1.956702  0.00
C   1.956702  -1.956702  0.00
C   -1.956702  1.956702  0.00
C   -1.956702  -1.956702  0.00

C   0.0  0.0  0.00
C   0.9400977053116629  0.09639218104560561  0.00
C   -1.019944514333108  0.007173197427851163  0.00
C   0.0  0.978351  0.00
C   -0.09039396180917095  -0.9786639659036114  0.00
C   0.9437363756854517  1.0145443944066677  0.00
C   0.978351  -0.978351  0.00
C   -0.978351  0.978351  0.00
C   -1.002685309963062  -0.9970812391331041  0.00
C   1.8886739666570007  -0.08372879605344855  0.00
C   1.8886739666570007  -0.08372879605344855  0.00
C   0.012106528839902842  1.9113866087276918  0.00
C   0.012106528839902842  1.9113866087276918  0.00
C   0.8928049006925248  2.0462148115545116  0.00
C   0.9253178235155842  -1.914429267351701  0.00
C   0.9253178235155842  -1.914429267351701  0.00
C   0.8928049006925248  2.0462148115545116  0.00
C   2.0344737743791312  0.9539010278218581  0.00
C   1.956702  -0.978351  0.00
C   -1.956702  0.978351  0.00
C   2.0344737743791312  0.9539010278218581  0.00
C   1.956702  1.956702  0.00
C   1.956702  -1.956702  0.00
C   -1.956702  1.956702  0.00
C   -1.956702  -1.956702  0.00

C   0.0  0.0  0.00
C   0.9400977053116629  0.09639218104560561  0.00
C   -1.019944514333108  0.007173197427851163  0.00
C   0.0  0.978351  0.00
C   -0.09039396180917095  -0.9786639659036114  0.00
C   0.9437363756854517  1.0145443944066677  0.00
C   0.978351  -0.978351  0.00
C   -0.978351  0.978351  0.00
C   -1.002685309963062  -0.9970812391331041  0.00
C   1.8886739666570007  -0.08372879605344855  0.00
C   1.8886739666570007  -0.08372879605344855  0.00
C   0.012106528839902842  1.9113866087276918  0.00
C   0.012106528839902842  1.9113866087276918  0.00
C   0.8928049006925248  2.0462148115545116  0.00
C   0.9253178235155842  -1.914429267351701  0.00
C   0.9253178235155842  -1.914429267351701  0.00
C   0.8928049006925248  2.0462148115545116  0.00
C   2.0344737743791312  0.9539010278218581  0.00
C   1.9717846048325134  -0.9164522805233307  0.00
C   1.9717846048325134  -0.9164522805233307  0.00
C   2.0344737743791312  0.9539010278218581  0.00
C   1.956702  1.956702  0.00
C   1.956702  -1.956702  0.00
C   -1.956702  1.956702  0.00
C   -1.956702  -1.956702  0.00

C   0.0  0.0  0.00
C   0.9400977053116629  0.09639218104560561  0.00
C   -1.019944514333108  0.007173197427851163  0.00
C   0.0  0.978351  0.00
C   -0.09039396180917095  -0.9786639659036114  0.00
C   0.9437363756854517  1.0145443944066677  0.00
C   0.978351  -0.978351  0.00
C   -0.978351  0.978351  0.00
C   -1.002685309963062  -0.9970812391331041  0.00
C   1.8886739666570007  -0.08372879605344855  0.00
C   1.8886739666570007  -0.08372879605344855  0.00
C   0.012106528839902842  1.9113866087276918  0.00
C   0.012106528839902842  1.9113866087276918  0.00
C   0.8928049006925248  2.0462148115545116  0.00
C   0.9253178235155842  -1.914429267351701  0.00
C   0.9253178235155842  -1.914429267351701  0.00
C   0.8928049006925248  2.0462148115545116  0.00
C   2.0344737743791312  0.9539010278218581  0.00
C   1.9717846048325134  -0.9164522805233307  0.00
C   1.9717846048325134  -0.9164522805233307  0.00
C   2.0344737743791312  0.9539010278218581  0.00
C   1.956702  1.956702  0.00
C   1.956702  -1.956702  0.00
C   -1.956702  1.956702  0.00
C   -1.956702  -1.956702  0.00

C   0.0  0.0  0.00
C   0.9652840059140579  0.02295525894499413  0.00
C   -1.019944514333108  0.007173197427851163  0.00
C   0.0  0.978351  0.00
C   -0.09039396180917095  -0.9786639659036114  0.00
C   0.978351  0.978351  0.00
C   0.978351  -0.978351  0.00
C   -0.978351  0.978351  0.00
C   -0.978351  -0.978351  0.00
C   1.956702  0.0  0.00
C   -1.956702  0.0  0.00
C   0.0  1.956702  0.00
C   0.0  -1.956702  0.00
C   0.978351  1.956702  0.00
C   0.978351  -1.956702  0.00
C   -0.978351  1.956702  0.00
C   -0.978351  -1.956702  0.00
C   1.956702  0.978351  0.00
C   1.956702  -0.978351  0.00
C   -1.956702  0.978351  0.00
C   -1.956702  -0.978351  0.00
C   1.956702  1.956702  0.00
C   1.956702  -1.956702  0.00
C   -1.956702  1.956702  0.00
C   -1.956702  -1.956702  0.00

C   0.0  0.0  0.00
C   0.9652840059140579  0.02295525894499413  0.00
C   -0.9662220073782632  0.004495019205695549  0.00
C   0.0  0.978351  0.00
C   -0.09039396180917095  -0.9786639659036114  0.00
C   0.978351  0.978351  0.00
C   0.978351  -0.978351  0.00
C   -0.978351  0.978351  0.00
C   -0.978351  -0.978351  0.00
C   1.956702  0.0  0.00
C   -1.956702  0.0  0.00
C   0.0  1.956702  0.00
C   0.0  -1.956702  0.00
C   0.978351  1.956702  0.00
C   0.978351  -1.956702  0.00
C   -0.978351  1.956702  0.00
C   -0.978351  -1.956702  0.00
C   1.956702  0.978351  0.00
C   1.956702  -0.978351  0.00
C   -1.956702  0.978351  0.00
C   -1.956702  -0.978351  0.00
C   1.956702  1.956702  0.00
C   1.956702  -1.956702  0.00
C   -1.956702  1.956702  0.00
C   -1.956702  -1.956702  0.00

C   0.0  0.0  0.00
C   0.9652840059140579  0.02295525894499413  0.00
C   -0.9662220073782632  0.004495019205695549  0.00
C   0.0  0.978351  0.00
C   -0.053432094845335336  -1.0218415815252744  0.00
C   0.978351  0.978351  0.00
C   0.978351  -0.978351  0.00
C   -0.978351  0.978351  0.00
C   -0.978351  -0.978351  0.00
C   1.956702  0.0  0.00
C   -1.956702  0.0  0.00
C   0.0  1.956702  0.00
C   0.0  -1.956702  0.00
C   0.978351  1.956702  0.00
C   0.978351  -1.956702  0.00
C   -0.978351  1.956702  0.00
C   -0.978351  -1.956702  0.00
C   1.956702  0.978351  0.00
C   1.956702  -0.978351  0.00
C   -1.956702  0.978351  0.00
C   -1.956702  -0.978351  0.00
C   1.956702  1.956702  0.00
C   1.956702  -1.956702  0.00
C   -1.956702  1.956702  0.00
C   -1.956702  -1.956702  0.00

C   0.0  0.0  0.00
C   0.9652840059140579  0.02295525894499413  0.00
C   -0.9662220073782632  0.004495019205695549  0.00
C   0.0  0.978351  0.00
C   -0.053432094845335336  -1.0218415815252744  0.00
C   1.0544490353430995  0.9147671909137179  0.00
C   0.978351  -0.978351  0.00
C   -0.978351  0.978351  0.00
C   -0.978351  -0.978351  0.00
C   1.956702  0.0  0.00
C   -1.956702  0.0  0.00
C   0.0  1.956702  0.00
C   0.0  -1.956702  0.00
C   0.978351  1.956702  0.00
C   0.978351  -1.956702  0.00
C   -0.978351  1.956702  0.00
C   -0.978351  -1.956702  0.00
C   1.956702  0.978351  0.00
C   1.956702  -0.978351  0.00
C   -1.956702  0.978351  0.00
C   -1.956702  -0.978351  0.00
C   1.956702  1.956702  0.00
C   1.956702  -1.956702  0.00
C   -1.956702  1.956702  0.00
C   -1.956702  -1.956702  0.00

C   0.0  0.0  0.00
C   0.9652840059140579  0.02295525894499413  0.00
C   -0.9662220073782632  0.004495019205695549  0.00
C   0.0  0.978351  0.00
C   -0.053432094845335336  -1.0218415815252744  0.00
C   1.0544490353430995  0.9147671909137179  0.00
C   0.9058877924052622  -1.0466351676600736  0.00
C   -0.978351  0.978351  0.00
C   -0.978351  -0.978351  0.00
C   1.956702  0.0  0.00
C   -1.956702  0.0  0.00
C   0.0  1.956702  0.00
C   0.0  -1.956702  0.00
C   0.978351  1.956702  0.00
C   0.978351  -1.956702  0.00
C   -0.978351  1.956702  0.00
C   -0.978351  -1.956702  0.00
C   1.956702  0.978351  0.00
C   1.956702  -0.978351  0.00
C   -1.956702  0.978351  0.00
C   -1.956702  -0.978351  0.00
C   1.956702  1.956702  0.00
C   1.956702  -1.956702  0.00
C   -1.956702  1.956702  0.00
C   -1.956702  -1.956702  0.00

C   0.0  0.0  0.00
C   0.9652840059140579  0.02295525894499413  0.00
C   -0.9662220073782632  0.004495019205695549  0.00
C   0.0  0.978351  0.00
C   -0.053432094845335336  -1.0218415815252744  0.00
C   1.0544490353430995  0.9147671909137179  0.00
C   0.9058877924052622  -1.0466351676600736  0.00
C   -0.9565120895364303  1.025166037633985  0.00
C   -0.978351  -0.978351  0.00
C   1.956702  0.0  0.00
C   -1.956702  0.0  0.00
C   0.0  1.956702  0.00
C   0.0  -1.956702  0.00
C   0.978351  1.956702  0.00
C   0.978351  -1.956702  0.00
C   -0.978351  1.956702  0.00
C   -0.978351  -1.956702  0.00
C   1.956702  0.978351  0.00
C   1.956702  -0.978351  0.00
C   -1.956702  0.978351  0.00
C   -1.956702  -0.978351  0.00
C   1.956702  1.956702  0.00
C   1.956702  -1.956702  0.00
C   -1.956702  1.956702  0.00
C   -1.956702  -1.956702  0.00

C   0.0  0.0  0.00
C   0.9652840059140579  0.02295525894499413  0.00
C   -0.9662220073782632  0.004495019205695549  0.00
C   0.0  0.978351  0.00
C   -0.053432094845335336  -1.0218415815252744  0.00
C   1.0544490353430995  0.9147671909137179  0.00
C   0.9058877924052622  -1.0466351676600736  0.00
C   -0.9565120895364303  1.025166037633985  0.00
C   -0.9015126053963778  -0.9635722284689541  0.00
C   1.956702  0.0  0.00
C   -1.956702  0.0  0.00
C   0.0  1.956702  0.00
C   0.0  -1.956702  0.00
C   0.978351  1.956702  0.00
C   0.978351  -1.956702  0.00
C   -0.978351  1.956702  0.00
C   -0.978351  -1.956702  0.00
C   1.956702  0.978351  0.00
C   1.956702  -0.978351  0.00
C   -1.956702  0.978351  0.00
C   -1.956702  -0.978351  0.00
C   1.956702  1.956702  0.00
C   1.956702  -1.956702  0.00
C   -1.956702  1.956702  0.00
C   -1.956702  -1.956702  0.00

C   0.0  0.0  0.00
C   0.9652840059140579  0.02295525894499413  0.00
C   -0.9662220073782632  0.004495019205695549  0.00
C   0.0  0.978351  0.00
C   -0.053432094845335336  -1.0218415815252744  0.00
C   1.0544490353430995  0.9147671909137179  0.00
C   0.9058877924052622  -1.0466351676600736  0.00
C   -0.9565120895364303  1.025166037633985  0.00
C   -0.9015126053963778  -0.9635722284689541  0.00
C   1.9179994322209373  0.059928663328382474  0.00
C   1.9179994322209373  0.059928663328382474  0.00
C   0.0  1.956702  0.00
C   0.0  -1.956702  0.00
C   0.978351  1.956702  0.00
C   0.978351  -1.956702  0.00
C   -0.978351  1.956702  0.00
C   -0.978351  -1.956702  0.00
C   1.956702  0.978351  0.00
C   1.956702  -0.978351  0.00
C   -1.956702  0.978351  0.00
C   -1.956702  -0.978351  0.00
C   1.956702  1.956702  0.00
C   1.956702  -1.956702  0.00
C   -1.956702  1.956702  0.00
C   -1.956702  -1.956702  0.00

C   0.0  0.0  0.00
C   0.9652840059140579  0.02295525894499413  0.00
C   -0.9662220073782632  0.004495019205695549  0.00
C   0.0  0.978351  0.00
C   -0.053432094845335336  -1.0218415815252744  0.00
C   1.0544490353430995  0.9147671909137179  0.00
C   0.9058877924052622  -1.0466351676600736  0.00
C   -0.9565120895364303  1.025166037633985  0.00
C   -0.9015126053963778  -0.9635722284689541  0.00
C   1.9179994322209373  0.059928663328382474  0.00
C   1.9179994322209373  0.059928663328382474  0.00
C   0.0  1.956702  0.00
C   0.0  -1.956702  0.00
C   0.978351  1.956702  0.00
C   0.978351  -1.956702  0.00
C   -0.978351  1.956702  0.00
C   -0.978351  -1.956702  0.00
C   1.956702  0.978351  0.00
C   1.956702  -0.978351  0.00
C   -1.956702  0.978351  0.00
C   -1.956702  -0.978351  0.00
C   1.956702  1.956702  0.00
C   1.956702  -1.956702  0.00
C   -1.956702  1.956702  0.00
C   -1.956702  -1.956702  0.00

C   0.0  0.0  0.00
C   0.9652840059140579  0.02295525894499413  0.00
C   -0.9662220073782632  0.004495019205695549  0.00
C   0.0  0.978351  0.00
C   -0.053432094845335336  -1.0218415815252744  0.00
C   1.0544490353430995  0.9147671909137179  0.00
C   0.9058877924052622  -1.0466351676600736  0.00
C   -0.9565120895364303  1.025166037633985  0.00
C   -0.9015126053963778  -0.9635722284689541  0.00
C   1.9179994322209373  0.059928663328382474  0.00
C   1.9179994322209373  0.059928663328382474  0.00
C   0.03558279828421192  1.8614951845392282  0.00
C   0.03558279828421192  1.8614951845392282  0.00
C   0.978351  1.956702  0.00
C   0.978351  -1.956702  0.00
C   -0.978351  1.956702  0.00
C   -0.978351  -1.956702  0.00
C   1.956702  0.978351  0.00
C   1.956702  -0.978351  0.00
C   -1.956702  0.978351  0.00
C   -1.956702  -0.978351  0.00
C   1.956702  1.956702  0.00
C   1.956702  -1.956702  0.00
C   -1.956702  1.956702  0.00
C   -1.956702  -1.956702  0.00

C   0.0  0.0  0.00
C   0.9652840059140579  0.02295525894499413  0.00
C   -0.9662220073782632  0.004495019205695549  0.00
C   0.0  0.978351  0.00
C   -0.053432094845335336  -1.0218415815252744  0.00
C   1.0544490353430995  0.9147671909137179  0.00
C   0.9058877924052622  -1.0466351676600736  0.00
C   -0.9565120895364303  1.025166037633985  0.00
C   -0.9015126053963778  -0.9635722284689541  0.00
C   1.9179994322209373  0.059928663328382474  0.00
C   1.9179994322209373  0.059928663328382474  0.00
C   0.03558279828421192  1.8614951845392282  0.00
C   0.03558279828421192  1.8614951845392282  0.00
C   0.978351  1.956702  0.00
C   0.978351  -1.956702  0.00
C   -0.978351  1.956702  0.00
C   -0.978351  -1.956702  0.00
C   1.956702  0.978351  0.00
C   1.956702  -0.978351  0.00
C   -1.956702  0.978351  0.00
C   -1.956702  -0.978351  0.00
C   1.956702  1.956702  0.00
C   1.956702  -1.956702  0.00
C   -1.956702  1.956702  0.00
C   -1.956702  -1.956702  0.00

C   0.0  0.0  0.00
C   0.9652840059140579  0.02295525894499413  0.00
C   -0.9662220073782632  0.004495019205695549  0.00
C   0.0  0.978351  0.00
C   -0.053432094845335336  -1.0218415815252744  0.00
C   1.0544490353430995  0.9147671909137179  0.00
C   0.9058877924052622  -1.0466351676600736  0.00
C   -0.9565120895364303  1.025166037633985  0.00
C   -0.9015126053963778  -0.9635722284689541  0.00
C   1.9179994322209373  0.059928663328382474  0.00
C   1.9179994322209373  0.059928663328382474  0.00
C   0.03558279828421192  1.8614951845392282  0.00
C   0.03558279828421192  1.8614951845392282  0.00
C   0.9424417206486284  1.9076612599653362  0.00
C   0.978351  -1.956702  0.00
C   -0.978351  1.956702  0.00
C   0.9424417206486284  1.9076612599653362  0.00
C   1.956702  0.978351  0.00
C   1.956702  -0.978351  0.00
C   -1.956702  0.978351  0.00
C   -1.956702  -0.978351  0.00
C   1.956702  1.956702  0.00
C   1.956702  -1.956702  0.00
C   -1.956702  1.956702  0.00
C   -1.956702  -1.956702  0.00

C   0.0  0.0  0.00
C   0.9652840059140579  0.02295525894499413  0.00
C   -0.9662220073782632  0.004495019205695549  0.00
C   0.0  0.978351  0.00
C   -0.053432094845335336  -1.0218415815252744  0.00
C   1.0544490353430995  0.9147671909137179  0.00
C   0.9058877924052622  -1.0466351676600736  0.00
C   -0.9565120895364303  1.025166037633985  0.00
C   -0.9015126053963778  -0.9635722284689541  0.00
C   1.9179994322209373  0.059928663328382474  0.00
C   1.9179994322209373  0.059928663328382474  0.00
C   0.03558279828421192  1.8614951845392282  0.00
C   0.03558279828421192  1.8614951845392282  0.00
C   0.9424417206486284  1.9076612599653362  0.00
C   1.057503056807695  -1.9634392126937121  0.00
C   1.057503056807695  -1.9634392126937121  0.00
C   0.9424417206486284  1.9076612599653362  0.00
C   1.956702  0.978351  0.00
C   1.956702  -0.978351  0.00
C   -1.956702  0.978351  0.00
C   -1.956702  -0.978351  0.00
C   1.956702  1.956702  0.00
C   1.956702  -1.956702  0.00
C   -1.956702  1.956702  0.00
C   -1.956702  -1.956702  0.00

C   0.0  0.0  0.00
C   0.9652840059140579  0.02295525894499413  0.00
C   -0.9662220073782632  0.004495019205695549  0.00
C   0.0  0.978351  0.00
C   -0.053432094845335336  -1.0218415815252744  0.00
C   1.0544490353430995  0.9147671909137179  0.00
C   0.9058877924052622  -1.0466351676600736  0.00
C   -0.9565120895364303  1.025166037633985  0.00
C   -0.9015126053963778  -0.9635722284689541  0.00
C   1.9179994322209373  0.059928663328382474  0.00
C   1.9179994322209373  0.059928663328382474  0.00
C   0.03558279828421192  1.8614951845392282  0.00
C   0.03558279828421192  1.8614951845392282  0.00
C   0.9424417206486284  1.9076612599653362  0.00
C   1.057503056807695  -1.9634392126937121  0.00
C   1.057503056807695  -1.9634392126937121  0.00
C   0.9424417206486284  1.9076612599653362  0.00
C   1.956702  0.978351  0.00
C   1.956702  -0.978351  0.00
C   -1.956702  0.978351  0.00
C   -1.956702  -0.978351  0.00
C   1.956702  1.956702  0.00
C   1.956702  -1.956702  0.00
C   -1.956702  1.956702  0.00
C   -1.956702  -1.956702  0.00

C   0.0  0.0  0.00
C   0.9652840059140579  0.02295525894499413  0.00
C   -0.9662220073782632  0.004495019205695549  0.00
C   0.0  0.978351  0.00
C   -0.053432094845335336  -1.0218415815252744  0.00
C   1.0544490353430995  0.9147671909137179  0.00
C   0.9058877924052622  -1.0466351676600736  0.00
C   -0.9565120895364303  1.025166037633985  0.00
C   -0.9015126053963778  -0.9635722284689541  0.00
C   1.9179994322209373  0.059928663328382474  0.00
C   1.9179994322209373  0.059928663328382474  0.00
C   0.03558279828421192  1.8614951845392282  0.00
C   0.03558279828421192  1.8614951845392282  0.00
C   0.9424417206486284  1.9076612599653362  0.00
C   1.057503056807695  -1.9634392126937121  0.00
C   1.057503056807695  -1.9634392126937121  0.00
C   0.9424417206486284  1.9076612599653362  0.00
C   1.956702  0.978351  0.00
C   1.956702  -0.978351  0.00
C   -1.956702  0.978351  0.00
C   -1.956702  -0.978351  0.00
C   1.956702  1.956702  0.00
C   1.956702  -1.956702  0.00
C   -1.956702  1.956702  0.00
C   -1.956702  -1.956702  0.00

C   0.0  0.0  0.00
C   0.9652840059140579  0.02295525894499413  0.00
C   -0.9662220073782632  0.004495019205695549  0.00
C   0.0  0.978351  0.00
C   -0.053432094845335336  -1.0218415815252744  0.00
C   1.0544490353430995  0.9147671909137179  0.00
C   0.9058877924052622  -1.0466351676600736  0.00
C   -0.9565120895364303  1.025166037633985  0.00
C   -0.9015126053963778  -0.9635722284689541  0.00
C   1.9179994322209373  0.059928663328382474  0.00
C   1.9179994322209373  0.059928663328382474  0.00
C   0.03558279828421192  1.8614951845392282  0.00
C   0.03558279828421192  1.8614951845392282  0.00
C   0.9424417206486284  1.9076612599653362  0.00
C   1.057503056807695  -1.9634392126937121  0.00
C   1.057503056807695  -1.9634392126937121  0.00
C   0.9424417206486284  1.9076612599653362  0.00
C   1.9934806235741334  0.9352349070830998  0.00
C   1.956702  -0.978351  0.00
C   -1.956702  0.978351  0.00
C   1.9934806235741334  0.9352349070830998  0.00
C   1.956702  1.956702  0.00
C   1.956702  -1.956702  0.00
C   -1.956702  1.956702  0.00
C   -1.956702  -1.956702  0.00

C   0.0  0.0  0.00
C   0.9652840059140579  0.02295525894499413  0.00
C   -0.9662220073782632  0.004495019205695549  0.00
C   0.0  0.978351  0.00
C   -0.053432094845335336  -1.0218415815252744  0.00
C   1.0544490353430995  0.9147671909137179  0.00
C   0.9058877924052622  -1.0466351676600736  0.00
C   -0.9565120895364303  1.025166037633985  0.00
C   -0.9015126053963778  -0.9635722284689541  0.00
C   1.9179994322209373  0.059928663328382474  0.00
C   1.9179994322209373  0.059928663328382474  0.00
C   0.03558279828421192  1.8614951845392282  0.00
C   0.03558279828421192  1.8614951845392282  0.00
C   0.9424417206486284  1.9076612599653362  0.00
C   1.057503056807695  -1.9634392126937121  0.00
C   1.057503056807695  -1.9634392126937121  0.00
C   0.9424417206486284  1.9076612599653362  0.00
C   1.9934806235741334  0.9352349070830998  0.00
C   1.9749409804885891  -0.9436160895243467  0.00
C   1.9749409804885891  -0.9436160895243467  0.00
C   1.9934806235741334  0.9352349070830998  0.00
C   1.956702  1.956702  0.00
C   1.956702  -1.956702  0.00
C   -1.956702  1.956702  0.00
C   -1.956702  -1.956702  0.00

C   0.0  0.0  0.00
C   0.9652840059140579  0.02295525894499413  0.00
C   -0.9662220073782632  0.004495019205695549  0.00
C   0.0  0.978351  0.00
C   -0.053432094845335336  -1.0218415815252744  0.00
C   1.0544490353430995  0.9147671909137179  0.00
C   0.9058877924052622  -1.0466351676600736  0.00
C   -0.9565120895364303  1.025166037633985  0.00
C   -0.9015126053963778  -0.9635722284689541  0.00
C   1.9179994322209373  0.059928663328382474  0.00
C   1.9179994322209373  0.059928663328382474  0.00
C   0.03558279828421192  1.8614951845392282  0.00
C   0.03558279828421192  1.8614951845392282  0.00
C   0.9424417206486284  1.9076612599653362  0.00
C   1.057503056807695  -1.9634392126937121  0.00
C   1.057503056807695  -1.9634392126937121  0.00
C   0.9424417206486284  1.9076612599653362  0.00
C   1.9934806235741334  0.9352349070830998  0.00
C   1.9749409804885891  -0.9436160895243467  0.00
C   1.9749409804885891  -0.9436160895243467  0.00
C   1.9934806235741334  0.9352349070830998  0.00
C   1.956702  1.956702  0.00
C   1.956702  -1.956702  0.00
C   -1.956702  1.956702  0.00
C   -1.956702  -1.956702  0.00

