-1.2712049166778447 -55.53758990666296 1
-1.2700193366778447 -55.53758990666296 1
-1.2698746959178446 -54.987787674437094 1
-1.2697300551578445 -54.37621622109207 0.8664551350846904
-1.2695699228117667 -53.80714517814122 0.8557179308745071
-1.2693910917778548 -53.13341684784319 0.8146350315292836
-1.2691844608061396 -52.48327053929878 0.8805829807240244
-1.2689582723988329 -51.85499246918025 0.8970832345269149
-1.268713882786 -51.23500994371839 0.8863475595378448
-1.2684475833793072 -50.68462128603632 0.8734485504191841
-1.2681544139023413 -49.970042372646496 0.8084000180840002
-1.2678138762771638 -49.418036367672556 0.9134178426213825
-1.2674505890086798 -48.76540164683892 0.82907311719786
-1.2670358815145222 -48.16400662854241 0.8705574261129817
-1.2665782696751877 -47.5051330763244 0.8491979104063613
-1.2660644965483407 -46.93596543174028 0.8875047187617969
-1.2655051756068747 -46.29921173946045 0.8307474026271225
-1.2648675771589892 -45.56973270337162 0.8577864474478659
-1.264156722318199 -45.08825363803357 0.9576175794058631
-1.2634234205154236 -44.29752686051748 0.7917133258678611
-1.2625593784919165 -43.80652143364523 0.9743336623889437
-1.2616790250742715 -43.162639246008666 0.8063583815028902
-1.260654653701063 -42.517554036966885 0.8498820700180364
-1.2595052078835591 -41.83770597165935 0.8757327080890973
-1.2582420913496026 -41.281472681182045 0.9214141608223653
-1.256902876023232 -40.61936336920333 0.836378661279956
-1.2553833548877065 -40.02425861923423 0.8830618585820544
-1.2537232871858681 -39.356862208472634 0.8503099269127579
-1.2518611788583383 -38.80004057846061 0.8957345971563981
-1.24984709685833 -38.126949491490606 0.8245678055010719
-1.2475392716181726 -37.466265944280664 0.8859028760018859
-1.2450236614865833 -36.883291020591216 0.9094901661256445
-1.2423318138820156 -36.17555752374919 0.8532246108228317
-1.239319528034905 -35.61485760889829 0.9343295130325451
-1.2361571392788493 -34.966626271297294 0.8462106526354657
-1.232597938973831 -34.35594474017189 0.8764366468077122
-1.2286889622901658 -33.68024652427684 0.8602055527135748
-1.2243394099309366 -33.01731295164995 0.9088523025530899
-1.2196828326220157 -32.4821601486742 0.9239093838680198
-1.2147551606315157 -31.71353136428148 0.820084633935478
-1.2090875453420284 -31.16209725865328 0.9718032140392389
-1.2033021600166576 -30.482418896729467 0.8554596901382318
-1.1968398563859437 -29.84867326207435 0.9097636667462402
-1.189926287560444 -29.106571943227795 0.8978032926887128
-1.1824606068507961 -28.538796475449054 0.9936204146730463
-1.1749604046355164 -27.94195347461756 0.8793459875963164
-1.1667422240661809 -27.20327888573214 0.8498820700180364
-1.15752061408178 -26.206088522800865 0.961649747437595
-1.1480363354293694 -25.503083867701207 1.328830926874709
-1.138552056776959 -24.960034736260695 1.152504977667761
-1.1290677781245484 -24.26603754162156 0.921598770176787
-1.1190135281258147 -23.662791743677445 0.960015680125441
-1.1086603117761005 -22.919362571904074 0.8953752843062927
-1.0974589689487393 -22.44172845667557 0.99352105656616
-1.0862050201946856 -21.589919772621265 0.8035078227151811
-1.0730781700886878 -20.958997220624262 1.044258189809373
-1.05995131998269 -20.326383581043856 0.960015680125441
-1.0464341387752623 -19.661569563103875 0.9220604488011148
-1.0321097051537504 -19.089167549418562 0.9326472435618689
-1.017052219833183 -18.25945036608219 0.8553736258639083
-1.000231757316118 -17.621128214440674 1.056978298878947
-0.9834112947990528 -16.948038874136678 0.9728729963008631
-0.9662548485933636 -16.30652343751855 0.9666650277791435
-0.9486752678433562 -15.641643476638357 0.9335814762894572
-0.9302091889854522 -14.875980745875829 0.9387359441644048
-0.9108876687372989 -14.283175442073386 1.0412329046744233
-0.8915661484891455 -13.577351893777404 0.9227995962120848
-0.8711023568167973 -12.609287656810295 0.9720948577626584
-0.8502178307763344 -10.528922869520343 1.2977941176470589
-0.8293333047358715 -9.260063895450784 4.522573519259975
-0.8084487786954087 -8.099941050374397 2.912745769343637
-0.7875642526549458 -7.103461874868515 2.374957813027337
-0.7666797266144829 -6.135637705988103 1.9061319383900028
-0.74579520057402 -5.166815803454618 1.726467180151319
-0.7249106745335572 -4.253261393377834 1.6684456304202802
-0.7040261484930943 -3.462018189726237 1.5588536335721597
-0.6831416224526314 -2.740527668584683 1.3439789041898622
-0.6622570964121686 -2.1002059450037223 1.1797177265544112
-0.6413725703717057 -1.3350209898058054 1.0267531414673692
-0.6204880443312428 -0.7028440435388106 1.0888819259491358